-8.0916
-10.111799999999999
-9.702699999999998
-10.918699999999996
-12.658999999999999
-15.081
-17.4761
-19.2684
-20.307199999999998
-19.835699999999996
-18.5829
-18.9657
-19.9625
-19.966900000000003
-18.7462
-18.06
-18.0299
-17.8531
-17.8359
-17.588999999999995
-17.5269
-17.202499999999993
-17.2539
-19.135399999999997
-21.3321
-22.819699999999994
-22.765899999999995
-22.043400000000005
-21.8413
-21.959200000000003
-21.354400000000002
-11.8091
5.277
6.017799999999999
5.726600000000001
4.167300000000001
2.0066000000000015
0.7620000000000022
0.5129000000000006
0.5050999999999988
1.265200000000001
2.411199999999999
2.759
2.7413000000000003
3.448800000000001
4.306200000000003
3.7375000000000025
2.853299999999998
2.8984000000000005
2.9455999999999998
1.5718000000000019
0.9428999999999981
1.0707000000000013
0.8606000000000025
1.095299999999999
1.636099999999999
2.3381
2.7406000000000024
2.9262999999999977
2.667100000000004
2.344300000000001
2.5857000000000014
2.246
3.489999999999999
0.3894000000000004
-0.4430999999999994
-0.7652999999999976
-2.083999999999998
-2.9544999999999977
-2.889100000000001
-2.3534999999999973
-1.2892000000000015
-0.03139999999999832
0.4499000000000004
-0.04519999999999902
-0.5117999999999965
-0.6987999999999976
-0.4646999999999979
-2.0773999999999964
-2.6851000000000007
-2.7330999999999976
-1.9510000000000014
-0.9779999999999962
-0.6201000000000008
-0.7723999999999975
-1.5877
-1.2683000000000018
-1.305699999999998
-1.0209999999999981
-0.48880000000000035
-1.218700000000001
-1.2779999999999978
-0.4277999999999986
-0.15639999999999654
-0.36780000000000035
1.5106000000000002
0.43420000000000036
-2.0310999999999977
-2.151699999999998
-1.3991999999999987
-0.1928999999999994
0.9802000000000004
1.8461000000000007
1.2861000000000007
-0.2713000000000001
-1.1835000000000004
-1.2899000000000007
-1.9249999999999994
-3.5615000000000014
-3.563599999999997
-3.3026999999999984
-2.3070999999999975
-1.6873
-1.8800000000000008
-1.9857999999999971
-1.6999999999999993
-1.041299999999997
-1.0779999999999994
-0.7643999999999993
0.008999999999999453
-0.39569999999999705
-1.3729
-2.0350999999999995
-2.306499999999997
-3.811
-5.218199999999996
-3.972600000000002
-0.12919999999999954
0.24870000000000125
-1.3653999999999988
-1.9579000000000013
-1.7547999999999986
-0.8693999999999971
-0.37909999999999755
-0.5582999999999978
-0.8441999999999976
-1.4431999999999983
-1.4361999999999995
-0.9269999999999965
-0.8639999999999977
-0.4612999999999987
0.028099999999998904
0.04990000000000183
0.5486000000000018
0.04680000000000195
-1.4582999999999977
-3.0745999999999984
-4.103000000000001
-4.700599999999996
-4.985699999999996
-5.023899999999999
-3.2635999999999994
-1.2975000000000003
0.05850000000000177
0.12290000000000001
0.44370000000000065
1.029599999999999
1.2147000000000014
0.33640000000000025
1.0564999999999993
0.19400000000000084
-0.8693999999999988
-0.8348999999999984
-1.2408999999999963
-1.7127999999999979
-2.1584999999999974
-1.8442999999999992
-0.5130999999999988
0.4328000000000012
0.8706999999999976
0.8578999999999994
0.19970000000000043
-1.0473999999999992
-2.4438999999999975
-2.5971999999999964
-1.3274
0.4575999999999989
1.6006000000000022
0.673700000000002
-0.37379999999999836
0.31000000000000005
4.067400000000002
5.422800000000002
2.1247000000000016
-0.15999999999999925
-0.05289999999999839
0.3668
1.2369000000000017
2.8690000000000015
6.3512
8.0062
6.137499999999999
-1.1851999999999978
-2.487899999999999
-1.410899999999998
-0.699799999999998
-0.9618999999999973
-0.29409999999999936
0.8060999999999998
-0.21179999999999932
-2.3580000000000005
-1.7692999999999968
-1.6525999999999956
-3.0717999999999988
-2.6404
-0.4384999999999999
1.1318000000000001
3.1880000000000006
7.203900000000002
9.127600000000001
6.436700000000001
4.362300000000001
3.2178999999999984
-1.3449999999999989
-3.5142999999999986
-3.4736000000000002
-1.8886999999999974
-1.312299999999997
-0.8228000000000009
-0.29860000000000086
-1.2876000000000003
-2.3736999999999986
-1.7154999999999996
0.14929999999999932
0.40000000000000124
-1.172399999999997
-2.009800000000001
-2.3948999999999976
-1.7690999999999972
-2.0185999999999984
-2.930699999999997
-3.0502999999999996
-1.9084999999999983
-1.0059999999999993
-1.582699999999999
-1.0699000000000016
1.3679999999999999
2.8310000000000004
1.8856000000000006
-2.8347999999999978
-7.027999999999996
-7.065400000000001
-3.2895999999999974
-0.09189999999999854
-0.27739999999999876
-2.9018999999999977
-3.202600000000001
-3.9664000000000006
-3.171599999999998
-2.059400000000001
-1.015299999999999
-0.06659999999999755
0.4937000000000036
-1.6289999999999987
-2.2015999999999973
0.17409999999999837
0.7544000000000013
0.40219999999999967
1.4532000000000025
1.6007000000000016
0.7609999999999983
0.11989999999999945
-0.10099999999999998
0.5365000000000002
-0.13409999999999744
-1.947299999999998
-1.1847999999999987
1.1070000000000007
2.3625000000000025
2.5328999999999997
0.9486000000000008
-4.522899999999999
-7.257
-7.497699999999995
-5.044100000000002
-2.1857000000000015
0.41079999999999917
3.1096999999999992
4.58
2.9026000000000014
1.6313000000000049
1.0215000000000005
-0.4875999999999969
-1.8706999999999994
-2.0190999999999972
-1.5786999999999987
-1.9893999999999972
0.3107999999999995
-1.412099999999998
-3.642299999999996
-2.7646999999999995
-1.3305999999999978
-0.5012999999999987
0.2933000000000021
0.4778000000000011
-0.24789999999999868
-1.0563999999999996
0.5682000000000005
2.887500000000003
3.362600000000001
1.5606
0.8439000000000023
0.8265000000000011
1.0479999999999983
4.1793000000000005
4.097
1.6734000000000009
-0.056299999999997574
1.6845000000000008
4.2043
3.641000000000001
1.4038000000000017
-0.07669999999999977
-0.6252999999999984
-1.3914999999999988
-1.3255999999999961
-1.323699999999996
-1.3926000000000016
-1.2033999999999976
2.179900000000001
-0.47699999999999854
-2.026600000000002
-2.122599999999996
-2.4514999999999967
-2.9647999999999968
-3.4837999999999996
-4.374599999999998
-4.429299999999997
-1.7955999999999999
1.512199999999999
1.8160999999999996
1.741100000000003
1.306700000000001
-0.18379999999999974
-2.5510999999999955
-2.744200000000002
0.6579999999999995
2.1855000000000047
2.581800000000002
0.9437000000000033
-2.1195999999999975
-3.101499999999999
-2.3944999999999963
-2.235699999999999
-1.7150999999999978
-0.010799999999995258
-0.19639999999999969
-0.957099999999997
-1.4141999999999992
-1.2994999999999992
-1.1812999999999994
1.9830000000000005
0.8053000000000026
-0.3951000000000011
0.36480000000000157
1.3963
0.9357000000000029
-0.4604000000000017
-0.5375000000000005
-0.7356000000000003
-0.9992999999999999
-1.8178
-1.4921999999999995
0.059500000000000774
-3.1599999999999957
-3.2297000000000002
-0.47249999999999925
0.9013000000000009
2.765900000000003
1.0647999999999973
-0.09899999999999753
-3.7972999999999963
-6.1671000000000005
-7.5409
-5.940600000000001
-3.044699999999998
-1.5680999999999967
-1.5124999999999975
-1.7840999999999996
-1.2219000000000033
-0.5949999999999989
-0.4873999999999956
-0.6384999999999987
2.143200000000003
2.007200000000002
0.6908999999999992
-0.5372999999999983
-2.4884999999999984
-3.323
-1.4800999999999993
0.26160000000000005
-0.07369999999999877
0.5419000000000005
0.040299999999999336
-3.348899999999995
-4.329499999999999
-6.095599999999998
-4.487900000000001
-2.4265999999999943
-3.4350999999999967
-4.184700000000001
-5.651999999999997
-4.092300000000001
-2.5379999999999976
0.16150000000000198
3.0593000000000012
4.541100000000002
2.9521000000000006
1.2226000000000035
0.759100000000001
-0.03579999999999828
-0.9249
-0.790099999999998
-0.7328999999999972
-0.8035999999999985
2.2188000000000008
-1.7591
-2.2594999999999974
-1.091099999999999
0.25210000000000576
1.8131000000000008
2.045100000000002
2.3970000000000025
2.956100000000002
2.161600000000001
-0.09399999999999853
-3.7773999999999974
-4.876500000000002
-4.793899999999997
-3.6522000000000006
-3.196799999999995
-3.3467999999999964
-2.255899999999998
-0.9873999999999983
-0.7280999999999924
-1.5454999999999988
-0.6326999999999954
0.1791000000000027
-0.4477999999999991
-0.3482999999999974
0.22089999999999765
-0.8545999999999987
-0.9586999999999994
-0.6190999999999995
-1.2169000000000025
-1.7777999999999983
-2.1308999999999996
1.3013000000000003
1.242200000000004
-0.6270999999999987
-1.4165999999999972
-1.3044999999999982
-0.4714999999999985
-2.9946999999999995
-4.449299999999998
-3.2388999999999957
-0.9514999999999976
-0.22069999999999634
-0.38329999999999664
1.155700000000003
0.616200000000001
-0.9931999999999999
-3.0306999999999977
-2.675099999999995
-2.0467999999999993
-2.3872000000000018
-2.652999999999998
-2.5517999999999983
-4.158099999999993
-5.037000000000003
-4.586499999999996
-4.036499999999999
-3.0999000000000025
-2.544100000000001
-1.4623999999999988
-1.3371000000000004
-1.3434000000000017
-0.5618999999999978
-0.4088000000000003
2.320599999999999
0.2770000000000028
-0.9451999999999936
-0.7647999999999966
-0.30169999999999586
1.3122000000000011
1.3342
3.1914
3.3061999999999996
0.18399999999999928
-3.180799999999996
-0.5569000000000024
0.6981999999999999
0.13980000000000103
0.7745000000000006
0.046200000000005126
-1.5030999999999946
-3.996299999999999
-4.1816999999999975
-3.3889999999999976
-3.8256999999999977
-5.203599999999999
-6.078399999999998
-5.080099999999998
-4.662599999999998
-2.5915000000000026
-0.9245999999999999
0.8510999999999989
1.4836
1.4033000000000024
0.5668000000000002
-0.6973999999999982
1.669900000000001
0.12050000000000427
-1.4664999999999955
-1.522899999999999
-0.7948000000000031
1.7114999999999982
0.7706000000000004
0.1205999999999996
-1.3108999999999975
-2.765299999999998
-2.538999999999996
-0.8402999999999992
-1.772899999999999
-0.5471999999999966
-1.109599999999995
-2.4300999999999977
-2.491799999999996
-2.797099999999997
-4.024199999999998
-5.292999999999997
-2.7517000000000023
3.251699999999998
2.7720000000000047
-0.8171999999999997
-1.3734999999999946
-0.14389999999999947
-1.8975999999999953
-2.9195999999999955
-3.0109999999999983
-2.3146000000000004
-0.2571999999999992
1.3583999999999987
3.4979000000000005
0.7588000000000008
-2.1233000000000004
-2.999699999999998
-2.4959
-1.6199999999999983
-3.4606999999999997
-4.001299999999998
-3.3363999999999985
-3.779599999999993
-0.9467999999999961
-1.4438000000000004
-2.7271999999999954
-2.4878999999999962
-4.5020999999999995
-6.330999999999995
-5.742100000000001
-4.170899999999998
-1.9083999999999985
0.5509000000000013
0.7825999999999995
0.9254999999999987
1.9495000000000031
2.3126000000000007
2.2661000000000042
1.4699000000000044
-1.0120000000000005
-1.571900000000003
-1.5239999999999991
-2.368199999999999
-3.2741
-2.3001999999999976
1.7556000000000012
1.3222999999999994
1.6125000000000025
3.0020999999999995
2.5322000000000022
0.6221000000000005
2.5958000000000006
2.929000000000003
0.6032000000000011
-2.623399999999995
-1.0196999999999967
-2.7799999999999994
-4.938899999999998
-4.974899999999996
-4.3905999999999965
-2.896999999999996
0.26740000000000475
2.9196000000000044
4.682600000000004
3.1116000000000037
-1.348599999999995
-4.864800000000001
-4.956699999999997
-3.5956999999999946
-2.578299999999997
-2.0168999999999953
-2.5621999999999967
-1.963900000000002
-1.545499999999996
-1.6622000000000012
-2.6594999999999995
-3.9939999999999998
0.053699999999998305
0.7203000000000017
-1.8546999999999976
-2.3591999999999977
-2.1533999999999978
-1.921100000000001
-3.1805999999999974
-5.940300000000001
-7.145199999999995
-5.9282
-2.6209000000000007
-2.1997999999999953
-2.649
0.005800000000003358
3.5893000000000006
4.750399999999999
6.218000000000004
3.831100000000003
-0.04880000000000351
-1.2659999999999973
-0.24519999999999875
-0.5390000000000015
-3.990699999999995
-6.815900000000002
-5.712200000000003
-1.3186000000000009
-0.5340999999999996
-0.916899999999996
0.526800000000001
2.6124000000000014
4.034600000000003
2.3315
3.967999999999999
0.7442000000000029
-1.0277999999999974
-0.6916999999999991
-0.8289999999999997
-0.9682000000000022
-6.025600000000004
-10.667099999999994
-6.903000000000005
-0.6190999999999987
1.7142000000000017
1.2371999999999996
0.959699999999998
2.673499999999998
2.7077
-0.643899999999995
-2.0857999999999954
-4.1826
-2.677799999999996
-0.1997
0.14250000000000096
-1.2393
-2.244499999999994
-1.4636999999999993
-2.3524999999999974
-1.868800000000002
-0.13090000000000312
0.7115
0.3643999999999994
-1.1331000000000016
-0.6837999999999989
0.8901000000000003
5.214899999999999
0.8872000000000009
-0.4735999999999967
0.13709999999999845
0.7209000000000003
-0.5394999999999985
0.5221000000000027
2.797900000000002
3.101399999999999
1.086300000000005
-0.09240000000000048
0.6929999999999996
-0.021999999999994913
-1.5129000000000037
-3.0805000000000016
-2.9587999999999965
-1.7127999999999979
-0.8252000000000006
0.511600000000004
0.14369999999999905
-0.32239999999999824
1.1674000000000024
3.3633999999999986
4.887800000000003
4.6194000000000015
2.9320000000000004
0.8809999999999976
-0.7708999999999993
-1.4813000000000023
-2.4916999999999963
-3.1731999999999996
-4.0337
1.1999999999999993
0.8558000000000012
-1.218
-1.377900000000003
-0.910099999999999
-0.902999999999996
0.9604000000000017
2.493000000000001
1.8897000000000048
0.7054000000000045
-1.9746999999999977
-3.9433999999999996
-3.7162999999999933
0.32100000000000417
2.2992000000000026
-0.1903999999999968
-1.3329000000000004
-1.157899999999998
-1.7527999999999961
-1.7544999999999957
-1.321900000000002
-1.5254999999999974
-2.866899999999999
-4.818499999999997
-5.224199999999995
-3.5640999999999976
-1.5469000000000017
-0.6837999999999975
-0.7096
-0.5748999999999986
-0.9635999999999996
-2.4570999999999996
1.8099000000000043
0.19520000000000426
-1.687899999999999
-1.8464
-2.8242999999999983
-2.6717999999999966
-1.6978999999999997
-1.6527999999999965
-1.4887999999999995
0.566500000000004
0.39390000000000214
-1.9600999999999988
-1.1707
-2.3044999999999973
-1.0894000000000013
1.7269000000000014
2.362300000000001
0.2898000000000005
-1.3434999999999953
-1.4155000000000006
-1.5126
-1.9625999999999983
-1.374899999999999
0.8943000000000008
3.936500000000001
4.3370999999999995
2.088700000000002
-0.09739999999999815
0.137100000000002
2.193400000000003
1.9992999999999999
-0.3435999999999959
1.9230999999999998
2.182900000000002
0.14270000000000405
-1.0137
-1.5446999999999989
-1.924299999999997
-2.4356000000000018
-2.4821
-2.6404999999999994
-3.3485000000000005
-2.0899999999999963
-3.3196999999999948
-5.430599999999999
-5.6712
-6.656999999999996
-7.481199999999998
-5.0417000000000005
-1.235699999999997
-0.21739999999999693
-1.5523000000000033
-2.9740999999999937
-0.8158000000000003
4.328600000000001
7.3238
6.247800000000001
1.7439999999999998
-1.0699999999999985
-1.173299999999998
-0.6349000000000009
-0.7321999999999962
-1.346799999999999
0.062400000000003786
2.910399999999999
2.409300000000001
1.249900000000003
0.46790000000000287
-0.3243999999999998
-0.3937999999999988
-0.7085999999999997
-1.6607999999999938
-2.013599999999994
-2.8382999999999967
-3.2741
-2.0971
-0.31519999999999904
2.8308000000000035
2.689400000000001
0.17270000000000252
-2.2002000000000015
-2.214199999999999
0.16470000000000073
1.8335
2.568299999999999
2.3678000000000017
-0.3888999999999987
-4.425199999999996
-5.785899999999997
-4.107100000000001
-1.4421
-0.0738000000000012
0.024600000000003064
-1.7942999999999936
-4.1681
-3.081000000000003
0.5038000000000009
-1.3261000000000003
-3.139899999999999
-0.6659999999999977
1.444
0.5907
-0.42119999999999713
-0.3855000000000013
-0.2851999999999979
0.2975000000000012
1.4039000000000006
1.6979000000000006
1.3180000000000023
-0.12119999999999997
-1.3648999999999987
0.2482000000000033
1.9977000000000018
-0.29769999999999897
-2.5893000000000006
-2.0055999999999994
-1.3133999999999961
-3.190399999999997
-5.241299999999997
-4.611299999999998
-3.476500000000005
-2.265499999999996
-1.0924999999999976
-0.8370000000000015
-1.7698
-3.2456999999999994
-3.9462
-3.5561000000000034
-0.602199999999999
0.5015000000000036
-1.0101000000000022
-0.9746000000000006
-0.4381999999999975
0.521600000000003
0.6685000000000016
0.46099999999999763
0.7875000000000023
0.9568999999999992
1.2526000000000037
0.3674000000000017
-0.21149999999999824
0.43270000000000053
0.5607000000000051
-0.17550000000000132
-0.6161000000000003
-0.5252999999999988
-0.5084
-1.0104999999999995
-1.1343000000000032
-0.39919999999999956
-0.7461999999999955
-0.9480999999999984
-0.9674999999999958
-1.0998000000000019
-1.6457999999999986
-3.5442999999999936
-6.3097999999999965
-5.131299999999996
-2.0595
-0.5923999999999994
1.6032999999999988
-0.20629999999999704
-2.0450999999999944
-1.628200000000004
-1.1864
-0.5460999999999974
-0.0943999999999976
-0.8525000000000027
-2.250499999999996
-2.6991999999999967
-1.495099999999999
-0.7518000000000011
-0.8942999999999994
-0.8048999999999982
-0.09269999999999712
0.35410000000000075
0.2660000000000009
-0.013999999999999346
-0.14730000000000043
-0.7710999999999997
-1.3417999999999983
-0.009399999999997632
0.7099000000000006
0.03660000000000174
-0.7460000000000004
-1.2365999999999966
-1.8812999999999955
-3.4833999999999983
-5.675799999999997
-1.6774999999999975
4.346200000000003
5.4975999999999985
5.2005
-1.1170999999999953
-3.755899999999996
-3.4353000000000016
-2.875400000000001
-2.0511000000000017
-0.9166000000000016
0.6407000000000043
2.2332000000000027
2.2911000000000037
0.30180000000000007
-1.6438999999999968
-1.7813000000000017
-1.4475999999999978
-1.2758999999999983
-1.5040999999999993
-1.4906999999999977
-2.1420999999999966
-2.6797000000000004
-2.2562999999999986
-1.9884000000000013
-1.9798999999999962
-1.8023999999999987
-1.400999999999998
-1.652199999999998
-2.1424
-1.0666000000000002
1.5986000000000011
1.9865000000000004
4.340800000000003
5.928299999999998
2.076199999999999
1.9193999999999996
2.7726000000000024
0.6525000000000025
-0.6602000000000006
-1.9393999999999973
-2.5058000000000016
-2.0896999999999997
-1.2516000000000007
-0.2782000000000009
0.7513000000000005
1.103100000000003
1.2008
1.4122000000000012
1.5583
1.2816000000000018
0.6237000000000004
0.4656000000000011
0.7130000000000027
0.8353000000000037
0.6709000000000023
0.8799000000000019
1.3148000000000017
0.47510000000000296
0.04580000000000206
1.2283999999999997
3.294700000000001
5.5885
7.225000000000001
4.924800000000003
3.0730999999999993
2.772599999999998
-0.18489999999999807
1.5072999999999999
-14.343299999999997
-18.682299999999998
-19.167900000000003
-20.807499999999994
-23.3512
-25.5535
-26.495200000000004
-25.8797
-24.4493
-22.7751
-21.0816
-20.2719
-20.119799999999998
-19.406
-19.201999999999998
-19.510599999999997
-18.8669
-17.2666
-16.5337
-17.5826
-17.7083
-15.182399999999998
-13.592600000000001
-14.0443
-14.597900000000001
-14.0818
-15.9189
-20.7471
-24.4518
-23.5339
-21.7665
-11.0289
