conv1.weight
tensor([[[ 0.0232,  0.0581,  0.0318],
         [-0.0473, -0.0891, -0.0865],
         [ 0.0153,  0.0553,  0.0328]],

        [[ 0.0112,  0.0499,  0.0336],
         [-0.0508, -0.0887, -0.0818],
         [ 0.0358,  0.0725,  0.0567]],

        [[ 0.0133,  0.0533,  0.0329],
         [-0.0436, -0.0627, -0.0669],
         [ 0.0029,  0.0343,  0.0192]]])
tensor([[[-0.0252,  0.0854,  0.0698],
         [-0.1292,  0.0150,  0.1018],
         [-0.1017, -0.0734,  0.0582]],

        [[ 0.0017,  0.0035, -0.0120],
         [-0.0090,  0.0126, -0.0105],
         [ 0.0096, -0.0169, -0.0021]],

        [[ 0.0389, -0.0635, -0.0827],
         [ 0.0850,  0.0092, -0.0906],
         [ 0.1009,  0.0536, -0.0319]]])
tensor([[[-0.0409, -0.1018, -0.0948],
         [ 0.0419,  0.0149, -0.0489],
         [ 0.0852,  0.1020,  0.0489]],

        [[ 0.0276,  0.0317,  0.0564],
         [-0.0323,  0.0027,  0.0280],
         [-0.0450, -0.0468, -0.0277]],

        [[ 0.0398,  0.0562,  0.0413],
         [-0.0333,  0.0221,  0.0482],
         [-0.0622, -0.0679, -0.0415]]])
tensor([[[-0.0228, -0.0292,  0.0255],
         [-0.0436,  0.0078,  0.0499],
         [ 0.0100,  0.0402,  0.0069]],

        [[-0.0182, -0.0479,  0.0049],
         [-0.0536, -0.0092,  0.0457],
         [-0.0014,  0.0384,  0.0217]],

        [[-0.0098, -0.0473,  0.0036],
         [-0.0459, -0.0152,  0.0429],
         [-0.0032,  0.0347,  0.0282]]])
tensor([[[ 0.0265,  0.0464,  0.0344],
         [ 0.0156, -0.0061,  0.0112],
         [-0.0315, -0.0610, -0.0265]],

        [[ 0.0283,  0.0519,  0.0408],
         [ 0.0023, -0.0146, -0.0022],
         [-0.0373, -0.0570, -0.0303]],

        [[ 0.0253,  0.0441,  0.0294],
         [ 0.0020, -0.0140, -0.0072],
         [-0.0265, -0.0387, -0.0236]]])
tensor([[[ 0.0238, -0.0115, -0.0366],
         [ 0.0171, -0.0353, -0.0169],
         [-0.0269, -0.0323, -0.0007]],

        [[ 0.0218, -0.0011, -0.0066],
         [ 0.0213, -0.0202,  0.0040],
         [-0.0116, -0.0146,  0.0085]],

        [[ 0.0007, -0.0033,  0.0085],
         [ 0.0088, -0.0161,  0.0188],
         [-0.0087, -0.0046,  0.0220]]])
tensor([[[-3.9293e-03, -7.5012e-03, -2.2208e-03],
         [-2.7757e-03, -7.2050e-03, -4.7979e-03],
         [ 2.0634e-03, -3.0075e-03, -3.6090e-03]],

        [[-2.5945e-03, -6.3217e-03, -1.7928e-03],
         [-5.8638e-05, -5.0557e-03, -2.8691e-03],
         [ 4.3391e-03, -1.2482e-03, -1.3678e-03]],

        [[-1.9136e-03, -3.6400e-03,  9.1027e-04],
         [-2.0458e-04, -4.1443e-03, -2.2263e-03],
         [ 3.5982e-03, -1.4786e-03, -1.7595e-03]]])
tensor([[[-0.0418,  0.0503, -0.0177],
         [-0.0495,  0.0587, -0.0200],
         [-0.0058,  0.0008,  0.0080]],

        [[-0.0735,  0.0752,  0.0157],
         [-0.0849,  0.0713,  0.0031],
         [-0.0288,  0.0081,  0.0253]],

        [[-0.0393,  0.0641, -0.0048],
         [-0.0472,  0.0602, -0.0228],
         [-0.0120, -0.0001,  0.0018]]])
tensor([[[ 0.0253,  0.0242,  0.0291],
         [ 0.0196,  0.0236,  0.0300],
         [ 0.0085,  0.0150,  0.0166]],

        [[ 0.0143,  0.0093,  0.0196],
         [-0.0049, -0.0037,  0.0091],
         [ 0.0008,  0.0071,  0.0099]],

        [[ 0.0037, -0.0082,  0.0061],
         [-0.0236, -0.0347, -0.0187],
         [-0.0097, -0.0122, -0.0101]]])
tensor([[[ 0.0167,  0.0300,  0.0144],
         [-0.0094,  0.0196,  0.0250],
         [-0.0319, -0.0271, -0.0093]],

        [[-0.0022, -0.0002, -0.0170],
         [-0.0100,  0.0046, -0.0051],
         [-0.0099, -0.0106, -0.0082]],

        [[-0.0039, -0.0095, -0.0222],
         [ 0.0066,  0.0136, -0.0011],
         [ 0.0114,  0.0131,  0.0094]]])
tensor([[[ 8.6421e-06, -1.0166e-05, -3.9508e-06],
         [ 6.4819e-06, -1.2213e-05, -5.0469e-06],
         [-4.1003e-06, -6.7152e-06, -5.4732e-07]],

        [[ 8.8781e-06, -3.4543e-06, -6.2518e-06],
         [ 1.4093e-05, -5.2735e-07, -6.7732e-06],
         [ 8.3958e-06,  2.8897e-06, -8.2733e-06]],

        [[ 9.1477e-06,  8.4636e-06,  8.3622e-06],
         [ 2.0669e-05,  1.3244e-05,  9.0125e-06],
         [ 1.8641e-05,  1.0262e-05,  1.0537e-05]]])
tensor([[[ 0.0074,  0.0267, -0.0016],
         [-0.0530, -0.0428, -0.0316],
         [-0.0143,  0.0004, -0.0263]],

        [[ 0.0387,  0.0538,  0.0179],
         [-0.0153, -0.0058,  0.0017],
         [ 0.0030,  0.0194, -0.0050]],

        [[ 0.0188,  0.0248,  0.0019],
         [-0.0191, -0.0176, -0.0066],
         [-0.0010,  0.0100, -0.0083]]])
tensor([[[-0.0003,  0.0390, -0.0318],
         [-0.0406,  0.1091, -0.0761],
         [-0.0231,  0.0841, -0.0572]],

        [[ 0.0012,  0.0339, -0.0323],
         [-0.0384,  0.1067, -0.0783],
         [-0.0258,  0.0733, -0.0583]],

        [[-0.0130,  0.0165,  0.0006],
         [-0.0452,  0.0822, -0.0392],
         [-0.0363,  0.0536, -0.0234]]])
tensor([[[ 0.0450, -0.0162, -0.0430],
         [-0.0271, -0.1075,  0.0604],
         [-0.0480,  0.0615,  0.0693]],

        [[ 0.0427, -0.0028, -0.0498],
         [-0.0037, -0.1022,  0.0354],
         [-0.0470,  0.0339,  0.0385]],

        [[ 0.0524,  0.0312, -0.0403],
         [ 0.0357, -0.0779,  0.0036],
         [-0.0302, -0.0022, -0.0035]]])
tensor([[[-0.0181, -0.0234, -0.0106],
         [-0.0118, -0.0196, -0.0001],
         [-0.0178, -0.0272, -0.0015]],

        [[ 0.0007, -0.0049,  0.0079],
         [ 0.0102, -0.0006,  0.0180],
         [ 0.0049, -0.0082,  0.0146]],

        [[-0.0035, -0.0090,  0.0032],
         [ 0.0041, -0.0067,  0.0097],
         [ 0.0025, -0.0117,  0.0075]]])
tensor([[[-2.3371e-02,  3.7545e-02,  4.2529e-03],
         [ 2.1238e-02,  1.0400e-01,  5.2327e-02],
         [ 1.3243e-02,  6.8772e-02,  2.2161e-02]],

        [[ 9.5176e-05, -8.1501e-02, -3.9998e-02],
         [-6.1041e-02, -1.5134e-01, -9.0884e-02],
         [-2.2127e-02, -8.9663e-02, -4.8454e-02]],

        [[ 4.2145e-02,  4.4352e-02,  5.2507e-02],
         [ 3.2321e-02,  3.5853e-02,  4.4561e-02],
         [ 1.6470e-02,  3.0201e-02,  2.4656e-02]]])
tensor([[[-0.0322, -0.0068,  0.0285],
         [-0.0396, -0.0023,  0.0446],
         [-0.0365,  0.0005,  0.0379]],

        [[-0.0319, -0.0166,  0.0172],
         [-0.0396, -0.0130,  0.0370],
         [-0.0421, -0.0093,  0.0304]],

        [[-0.0162,  0.0020,  0.0193],
         [-0.0225,  0.0019,  0.0358],
         [-0.0280,  0.0002,  0.0273]]])
tensor([[[ 6.8695e-04,  7.0053e-04,  2.4358e-04],
         [ 3.6211e-04,  8.3795e-04,  3.2740e-04],
         [ 4.3296e-04,  8.5201e-04,  4.4862e-04]],

        [[ 7.7538e-05,  1.4413e-04,  9.1165e-05],
         [-3.2646e-04,  1.4179e-04, -6.4769e-05],
         [-1.9100e-04,  2.0916e-04,  3.4215e-05]],

        [[ 1.7787e-04,  2.7180e-04,  1.7545e-04],
         [-2.0685e-04,  1.9990e-04, -3.8307e-05],
         [-2.5731e-04,  1.2366e-04, -1.5099e-04]]])
tensor([[[-0.0014, -0.0033,  0.0029],
         [ 0.0237, -0.0720,  0.0579],
         [ 0.0289, -0.0919,  0.0665]],

        [[-0.0055, -0.0147, -0.0117],
         [ 0.0385, -0.0733,  0.0489],
         [ 0.0517, -0.0901,  0.0477]],

        [[-0.0146,  0.0069, -0.0028],
         [ 0.0181, -0.0483,  0.0487],
         [ 0.0266, -0.0735,  0.0394]]])
tensor([[[ 3.7633e-04,  2.9097e-04, -1.4966e-05],
         [ 1.4634e-04,  4.1515e-04,  1.4721e-04],
         [ 3.6700e-05,  2.8065e-04,  3.6186e-04]],

        [[ 2.4099e-06, -1.4530e-04, -4.5763e-04],
         [-2.3218e-05,  1.5865e-04, -1.9168e-04],
         [-8.4577e-06,  1.9981e-04,  2.5913e-04]],

        [[ 4.6206e-05, -7.1572e-05, -4.7043e-04],
         [ 1.2280e-04,  3.3972e-04, -7.7295e-05],
         [ 9.4850e-05,  3.6141e-04,  3.5621e-04]]])
tensor([[[-0.0199,  0.0272, -0.0045],
         [ 0.0013, -0.0759,  0.0334],
         [ 0.0711, -0.0110, -0.0371]],

        [[-0.0289,  0.0424,  0.0181],
         [-0.0236, -0.0799,  0.0500],
         [ 0.0567, -0.0203, -0.0370]],

        [[-0.0257,  0.0655,  0.0237],
         [-0.0468, -0.0652,  0.0624],
         [ 0.0187, -0.0348, -0.0262]]])
tensor([[[-0.0059, -0.0313, -0.0406],
         [ 0.0196,  0.0096, -0.0038],
         [ 0.0187,  0.0146,  0.0041]],

        [[-0.0107, -0.0246, -0.0311],
         [ 0.0109,  0.0057, -0.0014],
         [ 0.0173,  0.0084,  0.0040]],

        [[-0.0116, -0.0161, -0.0183],
         [-0.0054, -0.0143, -0.0195],
         [ 0.0093, -0.0089, -0.0169]]])
tensor([[[-1.9445e-05, -3.1518e-05,  9.5642e-06],
         [ 1.3646e-05, -2.5822e-05, -1.6684e-05],
         [ 2.4768e-05,  6.1140e-06, -1.2703e-05]],

        [[-5.1404e-06, -1.0905e-05,  2.0971e-05],
         [ 1.3588e-05, -5.4602e-06,  7.1337e-06],
         [ 1.7040e-05,  1.3239e-05,  4.1025e-06]],

        [[ 1.1271e-05, -3.8302e-06,  2.7490e-05],
         [ 3.2322e-05,  6.7595e-06,  2.1555e-05],
         [ 3.3312e-05,  2.4668e-05,  2.6988e-05]]])
tensor([[[ 0.0837,  0.0092, -0.0896],
         [ 0.1165, -0.0016, -0.1096],
         [ 0.0901, -0.0139, -0.0866]],

        [[-0.0232,  0.0011,  0.0181],
         [-0.0289, -0.0020,  0.0363],
         [-0.0217, -0.0057,  0.0332]],

        [[-0.0676,  0.0044,  0.0732],
         [-0.0933,  0.0005,  0.0894],
         [-0.0820,  0.0049,  0.0745]]])
tensor([[[-0.0600,  0.0434,  0.0076],
         [ 0.0527,  0.0221, -0.0611],
         [ 0.0099, -0.0611,  0.0589]],

        [[-0.0369,  0.0502, -0.0074],
         [ 0.0492,  0.0060, -0.0697],
         [ 0.0019, -0.0729,  0.0661]],

        [[-0.0643,  0.0481,  0.0108],
         [ 0.0358,  0.0359, -0.0502],
         [ 0.0180, -0.0483,  0.0358]]])
tensor([[[ 0.0186, -0.0474,  0.0203],
         [ 0.0499, -0.0746,  0.0509],
         [ 0.0139, -0.0483,  0.0122]],

        [[ 0.0328, -0.0651,  0.0165],
         [ 0.0722, -0.0853,  0.0521],
         [ 0.0303, -0.0540,  0.0060]],

        [[ 0.0396, -0.0510,  0.0115],
         [ 0.0632, -0.0803,  0.0363],
         [ 0.0253, -0.0423, -0.0028]]])
tensor([[[ 0.0177,  0.0082, -0.0121],
         [ 0.0140,  0.0055, -0.0255],
         [ 0.0110, -0.0084, -0.0169]],

        [[ 0.0552,  0.0009, -0.0444],
         [ 0.0661,  0.0014, -0.0628],
         [ 0.0442, -0.0215, -0.0595]],

        [[ 0.0638,  0.0054, -0.0569],
         [ 0.0790,  0.0108, -0.0730],
         [ 0.0641, -0.0048, -0.0639]]])
tensor([[[ 0.0108,  0.0110,  0.0063],
         [-0.0163, -0.0103, -0.0136],
         [-0.0097, -0.0074, -0.0120]],

        [[ 0.0033,  0.0031, -0.0026],
         [-0.0177, -0.0138, -0.0187],
         [-0.0089, -0.0080, -0.0146]],

        [[ 0.0053,  0.0046,  0.0004],
         [-0.0088, -0.0048, -0.0079],
         [-0.0009,  0.0002, -0.0038]]])
tensor([[[ 2.2146e-03, -1.7538e-03, -7.9151e-04],
         [-7.9681e-04, -9.9920e-03, -5.8660e-03],
         [ 8.4775e-03, -6.6950e-03, -1.5617e-02]],

        [[-6.2289e-03, -5.7550e-03, -5.4905e-03],
         [-6.4254e-03, -1.0735e-02, -6.4428e-03],
         [ 1.7457e-03, -8.1838e-03, -1.2816e-02]],

        [[ 5.5987e-03,  7.6831e-03,  3.6081e-03],
         [ 1.3656e-03,  5.3549e-04,  2.2761e-03],
         [-7.9718e-05, -4.5507e-03, -8.4458e-03]]])
tensor([[[ 0.0078,  0.0171,  0.0115],
         [-0.0045,  0.0100,  0.0045],
         [-0.0067, -0.0081, -0.0048]],

        [[-0.0093,  0.0050, -0.0175],
         [ 0.0080,  0.0356,  0.0092],
         [ 0.0101,  0.0166,  0.0028]],

        [[-0.0084,  0.0159, -0.0151],
         [ 0.0092,  0.0442,  0.0123],
         [ 0.0039,  0.0188, -0.0027]]])
tensor([[[ 0.0119,  0.0284,  0.0195],
         [ 0.0058,  0.0111,  0.0103],
         [ 0.0002,  0.0084,  0.0111]],

        [[-0.0103,  0.0173,  0.0134],
         [-0.0205, -0.0079, -0.0047],
         [-0.0242, -0.0115, -0.0069]],

        [[-0.0259, -0.0101, -0.0152],
         [-0.0291, -0.0272, -0.0282],
         [-0.0270, -0.0219, -0.0196]]])
tensor([[[ 1.4522e-04, -6.5060e-05,  4.6726e-05],
         [ 1.2834e-04, -3.2844e-04,  4.9163e-06],
         [ 1.9049e-04, -1.1076e-04,  1.0158e-04]],

        [[ 7.0489e-05, -6.5400e-05,  4.9061e-05],
         [ 1.0433e-05, -3.2386e-04,  9.8020e-06],
         [ 6.3743e-05, -1.2725e-04,  1.0295e-04]],

        [[ 4.8066e-05, -2.2846e-05,  1.8048e-05],
         [-3.4395e-05, -2.5868e-04, -3.3927e-05],
         [ 1.5598e-05, -1.1133e-04,  2.5228e-05]]])
tensor([[[ 0.0540,  0.0839,  0.0798],
         [-0.0170, -0.0010,  0.0089],
         [-0.0817, -0.0829, -0.0834]],

        [[-0.0135, -0.0240, -0.0175],
         [ 0.0109, -0.0006, -0.0024],
         [ 0.0234,  0.0351,  0.0281]],

        [[-0.0651, -0.1025, -0.0860],
         [ 0.0125, -0.0065, -0.0213],
         [ 0.0798,  0.1071,  0.0875]]])
tensor([[[ 0.0137, -0.0815,  0.0060],
         [ 0.0794,  0.0365, -0.0833],
         [-0.0374,  0.0776,  0.0155]],

        [[-0.0008, -0.0674,  0.0406],
         [ 0.0468,  0.0111, -0.0679],
         [-0.0443,  0.0451,  0.0097]],

        [[-0.0019, -0.0344,  0.0581],
         [ 0.0262,  0.0042, -0.0463],
         [-0.0458,  0.0240,  0.0084]]])
tensor([[[ 0.0210,  0.0198,  0.0150],
         [ 0.0212,  0.0089,  0.0080],
         [ 0.0046, -0.0079, -0.0028]],

        [[ 0.0148,  0.0087,  0.0051],
         [ 0.0094, -0.0041, -0.0026],
         [-0.0018, -0.0157, -0.0078]],

        [[-0.0171, -0.0258, -0.0261],
         [-0.0219, -0.0314, -0.0302],
         [-0.0173, -0.0280, -0.0247]]])
tensor([[[-0.0226, -0.0052, -0.0317],
         [-0.0035,  0.0251, -0.0112],
         [-0.0248, -0.0033, -0.0275]],

        [[-0.0088,  0.0128, -0.0198],
         [ 0.0142,  0.0499,  0.0115],
         [-0.0209,  0.0046, -0.0159]],

        [[-0.0047,  0.0075, -0.0065],
         [ 0.0040,  0.0215,  0.0052],
         [-0.0226, -0.0132, -0.0189]]])
tensor([[[ 1.4841e-05, -1.4288e-05,  6.2944e-05],
         [-1.2966e-05,  1.4917e-07,  3.0854e-05],
         [-2.5185e-05, -1.4098e-07, -1.5199e-05]],

        [[ 2.1889e-05, -1.9994e-05,  7.8936e-05],
         [-1.6560e-05, -4.1690e-06,  4.4479e-05],
         [-3.2213e-05,  5.4110e-06,  1.5555e-05]],

        [[ 2.3547e-05, -1.8331e-06,  7.4462e-05],
         [-5.1895e-06, -1.9554e-06,  2.7340e-05],
         [-1.8172e-05,  5.6802e-07,  3.2397e-06]]])
tensor([[[-0.0172,  0.0169,  0.0460],
         [-0.0264, -0.0402,  0.0168],
         [ 0.0107, -0.0254, -0.0372]],

        [[-0.0174, -0.0128,  0.0069],
         [-0.0034, -0.0354, -0.0014],
         [ 0.0326, -0.0040, -0.0302]],

        [[-0.0170, -0.0183, -0.0077],
         [ 0.0026, -0.0230,  0.0010],
         [ 0.0164, -0.0012, -0.0144]]])
tensor([[[ 0.0509, -0.0296, -0.0146],
         [-0.0232, -0.0410,  0.0565],
         [-0.0218,  0.0664, -0.0373]],

        [[ 0.0526, -0.0343, -0.0197],
         [-0.0359, -0.0355,  0.0576],
         [-0.0355,  0.0713, -0.0402]],

        [[ 0.0476, -0.0358, -0.0198],
         [-0.0299, -0.0326,  0.0568],
         [-0.0218,  0.0662, -0.0370]]])
tensor([[[-2.8879e-06, -2.4290e-05,  1.2336e-06],
         [-2.6598e-05, -4.4640e-06,  1.7988e-05],
         [-2.5762e-05,  1.7314e-05, -9.3911e-06]],

        [[ 9.7402e-06, -2.4560e-05, -7.1853e-06],
         [-1.4347e-05, -6.3064e-06, -1.1317e-05],
         [-1.4748e-05,  6.5546e-06, -2.9658e-05]],

        [[ 1.4761e-05, -4.9907e-06,  1.3499e-06],
         [-9.1364e-06, -3.1866e-06, -9.6215e-06],
         [-2.0759e-05, -1.1696e-06, -3.1581e-05]]])
tensor([[[ 0.0394, -0.0749,  0.0257],
         [-0.0789,  0.0454,  0.0476],
         [ 0.0215,  0.0383, -0.0713]],

        [[ 0.0456, -0.0800,  0.0222],
         [-0.0856,  0.0483,  0.0444],
         [ 0.0305,  0.0491, -0.0801]],

        [[ 0.0288, -0.0844,  0.0235],
         [-0.0897,  0.0438,  0.0580],
         [ 0.0257,  0.0593, -0.0569]]])
tensor([[[-1.6127e-05, -5.2089e-06, -4.8680e-05],
         [-2.8630e-05, -2.8051e-05, -5.4050e-05],
         [-3.1207e-05, -3.7860e-05, -5.8436e-05]],

        [[-8.2596e-06,  2.0186e-05, -1.9561e-05],
         [-6.0277e-06,  2.0757e-05, -1.0980e-05],
         [ 1.1046e-05,  1.7606e-05, -1.8014e-05]],

        [[-1.8565e-05,  2.2819e-05, -2.2717e-05],
         [-1.6567e-05,  1.2761e-05, -1.4315e-05],
         [-3.8588e-06,  1.0798e-05, -2.4655e-05]]])
tensor([[[ 3.8765e-03,  1.8489e-03, -1.1845e-03],
         [ 7.1009e-03,  7.4341e-03,  4.7054e-03],
         [ 1.5265e-03,  5.5224e-03,  7.5676e-03]],

        [[ 4.9669e-04, -2.6149e-03, -5.2698e-03],
         [ 2.0182e-03,  2.2897e-03, -7.9511e-05],
         [-5.0874e-03, -7.7246e-05,  3.5759e-03]],

        [[ 3.3032e-03,  1.1225e-03, -3.4635e-03],
         [ 8.1384e-03,  9.6518e-03,  5.7059e-03],
         [-2.4095e-03,  2.6807e-03,  4.8572e-03]]])
tensor([[[-0.0041,  0.0024, -0.0053],
         [-0.0168, -0.0171, -0.0029],
         [-0.0223, -0.0450, -0.0167]],

        [[ 0.0176,  0.0230,  0.0065],
         [ 0.0135,  0.0180,  0.0273],
         [ 0.0011, -0.0114,  0.0215]],

        [[-0.0065, -0.0007, -0.0129],
         [-0.0006,  0.0011,  0.0091],
         [-0.0034, -0.0162,  0.0097]]])
tensor([[[-0.0090, -0.0548, -0.0078],
         [ 0.0387,  0.0815,  0.0545],
         [-0.0174, -0.0653, -0.0296]],

        [[ 0.0048, -0.0405,  0.0017],
         [ 0.0515,  0.0987,  0.0682],
         [-0.0389, -0.0843, -0.0478]],

        [[-0.0145, -0.0488, -0.0180],
         [ 0.0431,  0.0917,  0.0547],
         [-0.0279, -0.0540, -0.0418]]])
tensor([[[ 0.0005, -0.0049,  0.0033],
         [-0.0044, -0.0183, -0.0104],
         [-0.0051, -0.0131, -0.0069]],

        [[ 0.0229,  0.0173,  0.0201],
         [ 0.0167,  0.0006, -0.0030],
         [ 0.0127, -0.0022, -0.0109]],

        [[ 0.0223,  0.0150,  0.0161],
         [ 0.0173,  0.0010, -0.0041],
         [ 0.0130, -0.0003, -0.0089]]])
tensor([[[ 0.0380,  0.0943,  0.0403],
         [ 0.0900,  0.0211, -0.1042],
         [ 0.0088, -0.1058, -0.0961]],

        [[-0.0161,  0.0167,  0.0221],
         [ 0.0076,  0.0201, -0.0284],
         [ 0.0083, -0.0326, -0.0194]],

        [[-0.0884, -0.0707, -0.0076],
         [-0.0570,  0.0335,  0.0564],
         [ 0.0189,  0.0635,  0.0808]]])
tensor([[[-0.0506,  0.0097,  0.0742],
         [ 0.0423, -0.0987,  0.0260],
         [-0.0226,  0.0440, -0.0450]],

        [[-0.0342, -0.0156,  0.0441],
         [ 0.0810, -0.0915, -0.0198],
         [ 0.0129,  0.0888, -0.0616]],

        [[-0.0333, -0.0247,  0.0448],
         [ 0.0731, -0.0949, -0.0245],
         [ 0.0120,  0.0826, -0.0452]]])
tensor([[[-0.0331, -0.0373, -0.0343],
         [-0.0447, -0.0488, -0.0519],
         [-0.0272, -0.0451, -0.0383]],

        [[ 0.0377,  0.0809,  0.0506],
         [ 0.0791,  0.1396,  0.0938],
         [ 0.0485,  0.0916,  0.0713]],

        [[-0.0092, -0.0397, -0.0136],
         [-0.0431, -0.0923, -0.0642],
         [-0.0168, -0.0690, -0.0308]]])
tensor([[[ 0.0336,  0.0611, -0.0788],
         [-0.0860,  0.0430,  0.0628],
         [ 0.0491, -0.0893,  0.0202]],

        [[ 0.0144,  0.0567, -0.0538],
         [-0.0939,  0.0244,  0.0642],
         [ 0.0669, -0.1039,  0.0082]],

        [[ 0.0157,  0.0396, -0.0816],
         [-0.0664,  0.0595,  0.0540],
         [ 0.0437, -0.0652,  0.0190]]])
tensor([[[ 0.0311,  0.0589, -0.0078],
         [ 0.0716, -0.0747, -0.0444],
         [-0.0068, -0.0458,  0.0426]],

        [[ 0.0256,  0.0445, -0.0157],
         [ 0.0472, -0.0852, -0.0407],
         [-0.0277, -0.0363,  0.0567]],

        [[ 0.0083,  0.0522, -0.0048],
         [ 0.0476, -0.0532, -0.0292],
         [-0.0136, -0.0179,  0.0305]]])
tensor([[[-0.1085, -0.0869,  0.0370],
         [-0.0935,  0.0535,  0.0713],
         [ 0.0061,  0.0605,  0.0437]],

        [[ 0.0113,  0.0244,  0.0120],
         [ 0.0337,  0.0632, -0.0497],
         [ 0.0255, -0.0378, -0.0586]],

        [[ 0.0218,  0.0576,  0.0040],
         [ 0.0539,  0.0538, -0.0746],
         [ 0.0065, -0.0698, -0.0706]]])
tensor([[[-0.0017,  0.0022, -0.0010],
         [ 0.0011, -0.0009, -0.0007],
         [ 0.0003, -0.0017,  0.0009]],

        [[-0.0017,  0.0013, -0.0013],
         [ 0.0004, -0.0018, -0.0005],
         [-0.0004, -0.0023,  0.0015]],

        [[-0.0014,  0.0015, -0.0012],
         [ 0.0005, -0.0009, -0.0006],
         [-0.0003, -0.0016,  0.0009]]])
tensor([[[ 0.0383, -0.0444, -0.0517],
         [ 0.0168,  0.0958, -0.0356],
         [-0.0405,  0.0067,  0.0192]],

        [[ 0.0356, -0.0316, -0.0415],
         [-0.0029,  0.0998, -0.0233],
         [-0.0647, -0.0053,  0.0376]],

        [[ 0.0333, -0.0353, -0.0432],
         [ 0.0076,  0.0865, -0.0243],
         [-0.0479, -0.0041,  0.0371]]])
tensor([[[-0.0466, -0.0761, -0.0256],
         [ 0.0385,  0.0601,  0.0373],
         [ 0.0082, -0.0053, -0.0030]],

        [[-0.0510, -0.0808, -0.0269],
         [ 0.0525,  0.0695,  0.0509],
         [ 0.0111, -0.0054,  0.0035]],

        [[-0.0352, -0.0560, -0.0176],
         [ 0.0430,  0.0570,  0.0377],
         [-0.0048, -0.0237, -0.0132]]])
tensor([[[-0.0287, -0.0301, -0.0298],
         [-0.0353, -0.0562, -0.0455],
         [-0.0346, -0.0582, -0.0490]],

        [[-0.0052, -0.0007, -0.0027],
         [ 0.0076, -0.0061,  0.0062],
         [-0.0030, -0.0213, -0.0139]],

        [[ 0.0236,  0.0453,  0.0405],
         [ 0.0610,  0.0641,  0.0720],
         [ 0.0517,  0.0459,  0.0450]]])
tensor([[[ 4.9490e-05, -3.9477e-05, -5.3759e-04],
         [-1.7930e-05,  4.1157e-05, -3.7545e-04],
         [ 8.3119e-05,  3.1753e-04, -2.5378e-04]],

        [[ 3.4123e-04,  6.0331e-04,  2.2781e-04],
         [ 2.0517e-04,  5.8132e-04,  3.0695e-04],
         [ 2.3400e-04,  6.9040e-04,  2.2260e-04]],

        [[ 2.8705e-04,  5.7333e-04,  2.1601e-04],
         [ 3.4053e-05,  4.1805e-04,  2.2855e-04],
         [ 1.1484e-05,  5.4696e-04,  1.6021e-04]]])
tensor([[[-0.0197, -0.0117, -0.0055],
         [-0.0064,  0.0051,  0.0081],
         [ 0.0051,  0.0143,  0.0139]],

        [[-0.0077,  0.0019,  0.0095],
         [ 0.0026,  0.0141,  0.0165],
         [ 0.0057,  0.0140,  0.0112]],

        [[ 0.0067,  0.0121,  0.0158],
         [ 0.0071,  0.0109,  0.0119],
         [ 0.0004,  0.0024,  0.0018]]])
tensor([[[ 0.0094,  0.0072, -0.0151],
         [ 0.0094,  0.0071, -0.0039],
         [-0.0096, -0.0138, -0.0026]],

        [[ 0.0235,  0.0112, -0.0224],
         [ 0.0102,  0.0021, -0.0147],
         [-0.0215, -0.0281, -0.0168]],

        [[ 0.0190,  0.0119, -0.0201],
         [ 0.0111,  0.0038, -0.0152],
         [-0.0178, -0.0252, -0.0203]]])
tensor([[[ 0.0567,  0.0348, -0.0021],
         [ 0.0296, -0.0263, -0.0335],
         [-0.0117, -0.0371, -0.0388]],

        [[-0.0166, -0.0170, -0.0012],
         [-0.0203, -0.0067,  0.0312],
         [-0.0006,  0.0380,  0.0290]],

        [[-0.0208, -0.0380, -0.0073],
         [-0.0375, -0.0129,  0.0371],
         [-0.0020,  0.0437,  0.0308]]])
tensor([[[ 0.0078,  0.0211,  0.0073],
         [-0.0203, -0.0031,  0.0294],
         [-0.0252, -0.0358,  0.0053]],

        [[-0.0090,  0.0247,  0.0291],
         [-0.0414, -0.0059,  0.0522],
         [-0.0395, -0.0439,  0.0153]],

        [[-0.0096,  0.0321,  0.0324],
         [-0.0449, -0.0014,  0.0555],
         [-0.0354, -0.0316,  0.0214]]])
tensor([[[-0.0647, -0.0642, -0.0440],
         [-0.0189, -0.0458, -0.0249],
         [ 0.0877,  0.0971,  0.0823]],

        [[-0.0143, -0.0021, -0.0019],
         [-0.0056, -0.0215, -0.0136],
         [ 0.0136,  0.0109,  0.0085]],

        [[ 0.0269,  0.0580,  0.0395],
         [ 0.0061,  0.0106,  0.0040],
         [-0.0296, -0.0338, -0.0277]]])
tensor([[[ 0.0325, -0.0419,  0.0017],
         [ 0.0585, -0.0450, -0.0377],
         [ 0.0554,  0.0204, -0.0003]],

        [[ 0.0092, -0.0441,  0.0153],
         [ 0.0317, -0.0563, -0.0273],
         [ 0.0335,  0.0031,  0.0034]],

        [[ 0.0026, -0.0229,  0.0253],
         [ 0.0198, -0.0376, -0.0046],
         [ 0.0168, -0.0012,  0.0078]]])
tensor([[[ 0.0016, -0.0127, -0.0185],
         [-0.0146, -0.0006,  0.0084],
         [-0.0110,  0.0137,  0.0074]],

        [[-0.0103, -0.0206, -0.0256],
         [-0.0166, -0.0029,  0.0021],
         [-0.0125,  0.0111,  0.0005]],

        [[ 0.0045, -0.0066, -0.0087],
         [-0.0068,  0.0004,  0.0069],
         [-0.0074,  0.0073,  0.0013]]])
